PRECIO SEVILLA
29000
50000
23000
11800
40000
24000
5000
24900
34500
22900
22000
7000
5300
4000
3000
9000
27000
12700
18000
37000
2900
20000
4000
3000
4000
7500
3600
3000
9700
4000
2500
3100
8000
4000
3000
3000
9000
19900
13000
6847
4800
3000
10000
9700
23000
3000
21000
13000
19900
58000
14500
50000
19275
45000
20000
35000
14767
61630
15000
13873
7000
55000
14320
25000
33000
42000
40000
28000
19275
45000
20000
26000
32420
15000
20000
22000
10000
25000
45000
45000
28000
4200
16000
78000
32000
34500
39000
20000
30000
19000
13500
22000
3000
10000
66000
18000
20000
18500
46000
11500
65000
2900
20000
27000
27200
16000
24600
19000
39500
18900
