BILBAO
12000
30000
16000
15800
15300
13500
17000
10000
22000
37000
40000
25500
34000
21000
20000
70000
24000
19000
69000
48000
30000
19000
21000
14500
12500
30000
36000
32900
33750
32000
67000
23000
35000
25000
22000
35000
22000
16500
40000
32000
30000
24000
26000
43000
20000
22500
52000
7900
34000
9000
36000
24000
20000
21000
25000
26100
18000
28000
73000
10000
38000
19500
39000
65000
33000
39400
30900
48000
24300
32000
14500
10000
45000
60000
36000
30000
24000
39000
65000
22500
30000
43000
13000
30000
10000
25000
41000
35000
18500
79000
35000
33000
10000
28500
17000
38000
59000
58000
24500
27500
23995
45000
26900
17500
22000
60000
16000
22000
26000
29500